0 2 0
0 1.90211 0.618034
0.363271 1.90211 0.5
0 2 0
0.363271 1.90211 0.5
0 2 0
0 2 0
0.363271 1.90211 0.5
0.587785 1.90211 0.190983
0 2 0
0.587785 1.90211 0.190983
0 2 0
0 2 0
0.587785 1.90211 0.190983
0.587785 1.90211 -0.190983
0 2 0
0.587785 1.90211 -0.190983
0 2 -0
0 2 -0
0.587785 1.90211 -0.190983
0.363271 1.90211 -0.5
0 2 -0
0.363271 1.90211 -0.5
0 2 -0
0 2 -0
0.363271 1.90211 -0.5
7.56848e-17 1.90211 -0.618034
0 2 -0
7.56848e-17 1.90211 -0.618034
0 2 -0
0 2 -0
7.56848e-17 1.90211 -0.618034
-0.363271 1.90211 -0.5
0 2 -0
-0.363271 1.90211 -0.5
-0 2 -0
-0 2 -0
-0.363271 1.90211 -0.5
-0.587785 1.90211 -0.190983
-0 2 -0
-0.587785 1.90211 -0.190983
-0 2 -0
-0 2 -0
-0.587785 1.90211 -0.190983
-0.587785 1.90211 0.190983
-0 2 -0
-0.587785 1.90211 0.190983
-0 2 0
-0 2 0
-0.587785 1.90211 0.190983
-0.363271 1.90211 0.5
-0 2 0
-0.363271 1.90211 0.5
-0 2 0
-0 2 0
-0.363271 1.90211 0.5
-1.5137e-16 1.90211 0.618034
-0 2 0
-1.5137e-16 1.90211 0.618034
-0 2 0
0 1.90211 0.618034
0 1.61803 1.17557
0.690983 1.61803 0.951057
0 1.90211 0.618034
0.690983 1.61803 0.951057
0.363271 1.90211 0.5
0.363271 1.90211 0.5
0.690983 1.61803 0.951057
1.11803 1.61803 0.363271
0.363271 1.90211 0.5
1.11803 1.61803 0.363271
0.587785 1.90211 0.190983
0.587785 1.90211 0.190983
1.11803 1.61803 0.363271
1.11803 1.61803 -0.363271
0.587785 1.90211 0.190983
1.11803 1.61803 -0.363271
0.587785 1.90211 -0.190983
0.587785 1.90211 -0.190983
1.11803 1.61803 -0.363271
0.690983 1.61803 -0.951057
0.587785 1.90211 -0.190983
0.690983 1.61803 -0.951057
0.363271 1.90211 -0.5
0.363271 1.90211 -0.5
0.690983 1.61803 -0.951057
1.43961e-16 1.61803 -1.17557
0.363271 1.90211 -0.5
1.43961e-16 1.61803 -1.17557
7.56848e-17 1.90211 -0.618034
7.56848e-17 1.90211 -0.618034
1.43961e-16 1.61803 -1.17557
-0.690983 1.61803 -0.951057
7.56848e-17 1.90211 -0.618034
-0.690983 1.61803 -0.951057
-0.363271 1.90211 -0.5
-0.363271 1.90211 -0.5
-0.690983 1.61803 -0.951057
-1.11803 1.61803 -0.363271
-0.363271 1.90211 -0.5
-1.11803 1.61803 -0.363271
-0.587785 1.90211 -0.190983
-0.587785 1.90211 -0.190983
-1.11803 1.61803 -0.363271
-1.11803 1.61803 0.363271
-0.587785 1.90211 -0.190983
-1.11803 1.61803 0.363271
-0.587785 1.90211 0.190983
-0.587785 1.90211 0.190983
-1.11803 1.61803 0.363271
-0.690983 1.61803 0.951057
-0.587785 1.90211 0.190983
-0.690983 1.61803 0.951057
-0.363271 1.90211 0.5
-0.363271 1.90211 0.5
-0.690983 1.61803 0.951057
-2.87922e-16 1.61803 1.17557
-0.363271 1.90211 0.5
-2.87922e-16 1.61803 1.17557
-1.5137e-16 1.90211 0.618034
0 1.61803 1.17557
0 1.17557 1.61803
0.951057 1.17557 1.30902
0 1.61803 1.17557
0.951057 1.17557 1.30902
0.690983 1.61803 0.951057
0.690983 1.61803 0.951057
0.951057 1.17557 1.30902
1.53884 1.17557 0.5
0.690983 1.61803 0.951057
1.53884 1.17557 0.5
1.11803 1.61803 0.363271
1.11803 1.61803 0.363271
1.53884 1.17557 0.5
1.53884 1.17557 -0.5
1.11803 1.61803 0.363271
1.53884 1.17557 -0.5
1.11803 1.61803 -0.363271
1.11803 1.61803 -0.363271
1.53884 1.17557 -0.5
0.951057 1.17557 -1.30902
1.11803 1.61803 -0.363271
0.951057 1.17557 -1.30902
0.690983 1.61803 -0.951057
0.690983 1.61803 -0.951057
0.951057 1.17557 -1.30902
1.98145e-16 1.17557 -1.61803
0.690983 1.61803 -0.951057
1.98145e-16 1.17557 -1.61803
1.43961e-16 1.61803 -1.17557
1.43961e-16 1.61803 -1.17557
1.98145e-16 1.17557 -1.61803
-0.951057 1.17557 -1.30902
1.43961e-16 1.61803 -1.17557
-0.951057 1.17557 -1.30902
-0.690983 1.61803 -0.951057
-0.690983 1.61803 -0.951057
-0.951057 1.17557 -1.30902
-1.53884 1.17557 -0.5
-0.690983 1.61803 -0.951057
-1.53884 1.17557 -0.5
-1.11803 1.61803 -0.363271
-1.11803 1.61803 -0.363271
-1.53884 1.17557 -0.5
-1.53884 1.17557 0.5
-1.11803 1.61803 -0.363271
-1.53884 1.17557 0.5
-1.11803 1.61803 0.363271
-1.11803 1.61803 0.363271
-1.53884 1.17557 0.5
-0.951057 1.17557 1.30902
-1.11803 1.61803 0.363271
-0.951057 1.17557 1.30902
-0.690983 1.61803 0.951057
-0.690983 1.61803 0.951057
-0.951057 1.17557 1.30902
-3.96291e-16 1.17557 1.61803
-0.690983 1.61803 0.951057
-3.96291e-16 1.17557 1.61803
-2.87922e-16 1.61803 1.17557
0 1.17557 1.61803
0 0.618034 1.90211
1.11803 0.618034 1.53884
0 1.17557 1.61803
1.11803 0.618034 1.53884
0.951057 1.17557 1.30902
0.951057 1.17557 1.30902
1.11803 0.618034 1.53884
1.80902 0.618034 0.587785
0.951057 1.17557 1.30902
1.80902 0.618034 0.587785
1.53884 1.17557 0.5
1.53884 1.17557 0.5
1.80902 0.618034 0.587785
1.80902 0.618034 -0.587785
1.53884 1.17557 0.5
1.80902 0.618034 -0.587785
1.53884 1.17557 -0.5
1.53884 1.17557 -0.5
1.80902 0.618034 -0.587785
1.11803 0.618034 -1.53884
1.53884 1.17557 -0.5
1.11803 0.618034 -1.53884
0.951057 1.17557 -1.30902
0.951057 1.17557 -1.30902
1.11803 0.618034 -1.53884
2.32934e-16 0.618034 -1.90211
0.951057 1.17557 -1.30902
2.32934e-16 0.618034 -1.90211
1.98145e-16 1.17557 -1.61803
1.98145e-16 1.17557 -1.61803
2.32934e-16 0.618034 -1.90211
-1.11803 0.618034 -1.53884
1.98145e-16 1.17557 -1.61803
-1.11803 0.618034 -1.53884
-0.951057 1.17557 -1.30902
-0.951057 1.17557 -1.30902
-1.11803 0.618034 -1.53884
-1.80902 0.618034 -0.587785
-0.951057 1.17557 -1.30902
-1.80902 0.618034 -0.587785
-1.53884 1.17557 -0.5
-1.53884 1.17557 -0.5
-1.80902 0.618034 -0.587785
-1.80902 0.618034 0.587785
-1.53884 1.17557 -0.5
-1.80902 0.618034 0.587785
-1.53884 1.17557 0.5
-1.53884 1.17557 0.5
-1.80902 0.618034 0.587785
-1.11803 0.618034 1.53884
-1.53884 1.17557 0.5
-1.11803 0.618034 1.53884
-0.951057 1.17557 1.30902
-0.951057 1.17557 1.30902
-1.11803 0.618034 1.53884
-4.65868e-16 0.618034 1.90211
-0.951057 1.17557 1.30902
-4.65868e-16 0.618034 1.90211
-3.96291e-16 1.17557 1.61803
0 0.618034 1.90211
0 1.22461e-16 2
1.17557 1.22461e-16 1.61803
0 0.618034 1.90211
1.17557 1.22461e-16 1.61803
1.11803 0.618034 1.53884
1.11803 0.618034 1.53884
1.17557 1.22461e-16 1.61803
1.90211 1.22461e-16 0.618034
1.11803 0.618034 1.53884
1.90211 1.22461e-16 0.618034
1.80902 0.618034 0.587785
1.80902 0.618034 0.587785
1.90211 1.22461e-16 0.618034
1.90211 1.22461e-16 -0.618034
1.80902 0.618034 0.587785
1.90211 1.22461e-16 -0.618034
1.80902 0.618034 -0.587785
1.80902 0.618034 -0.587785
1.90211 1.22461e-16 -0.618034
1.17557 1.22461e-16 -1.61803
1.80902 0.618034 -0.587785
1.17557 1.22461e-16 -1.61803
1.11803 0.618034 -1.53884
1.11803 0.618034 -1.53884
1.17557 1.22461e-16 -1.61803
2.44921e-16 1.22461e-16 -2
1.11803 0.618034 -1.53884
2.44921e-16 1.22461e-16 -2
2.32934e-16 0.618034 -1.90211
2.32934e-16 0.618034 -1.90211
2.44921e-16 1.22461e-16 -2
-1.17557 1.22461e-16 -1.61803
2.32934e-16 0.618034 -1.90211
-1.17557 1.22461e-16 -1.61803
-1.11803 0.618034 -1.53884
-1.11803 0.618034 -1.53884
-1.17557 1.22461e-16 -1.61803
-1.90211 1.22461e-16 -0.618034
-1.11803 0.618034 -1.53884
-1.90211 1.22461e-16 -0.618034
-1.80902 0.618034 -0.587785
-1.80902 0.618034 -0.587785
-1.90211 1.22461e-16 -0.618034
-1.90211 1.22461e-16 0.618034
-1.80902 0.618034 -0.587785
-1.90211 1.22461e-16 0.618034
-1.80902 0.618034 0.587785
-1.80902 0.618034 0.587785
-1.90211 1.22461e-16 0.618034
-1.17557 1.22461e-16 1.61803
-1.80902 0.618034 0.587785
-1.17557 1.22461e-16 1.61803
-1.11803 0.618034 1.53884
-1.11803 0.618034 1.53884
-1.17557 1.22461e-16 1.61803
-4.89843e-16 1.22461e-16 2
-1.11803 0.618034 1.53884
-4.89843e-16 1.22461e-16 2
-4.65868e-16 0.618034 1.90211
0 1.22461e-16 2
0 -0.618034 1.90211
1.11803 -0.618034 1.53884
0 1.22461e-16 2
1.11803 -0.618034 1.53884
1.17557 1.22461e-16 1.61803
1.17557 1.22461e-16 1.61803
1.11803 -0.618034 1.53884
1.80902 -0.618034 0.587785
1.17557 1.22461e-16 1.61803
1.80902 -0.618034 0.587785
1.90211 1.22461e-16 0.618034
1.90211 1.22461e-16 0.618034
1.80902 -0.618034 0.587785
1.80902 -0.618034 -0.587785
1.90211 1.22461e-16 0.618034
1.80902 -0.618034 -0.587785
1.90211 1.22461e-16 -0.618034
1.90211 1.22461e-16 -0.618034
1.80902 -0.618034 -0.587785
1.11803 -0.618034 -1.53884
1.90211 1.22461e-16 -0.618034
1.11803 -0.618034 -1.53884
1.17557 1.22461e-16 -1.61803
1.17557 1.22461e-16 -1.61803
1.11803 -0.618034 -1.53884
2.32934e-16 -0.618034 -1.90211
1.17557 1.22461e-16 -1.61803
2.32934e-16 -0.618034 -1.90211
2.44921e-16 1.22461e-16 -2
2.44921e-16 1.22461e-16 -2
2.32934e-16 -0.618034 -1.90211
-1.11803 -0.618034 -1.53884
2.44921e-16 1.22461e-16 -2
-1.11803 -0.618034 -1.53884
-1.17557 1.22461e-16 -1.61803
-1.17557 1.22461e-16 -1.61803
-1.11803 -0.618034 -1.53884
-1.80902 -0.618034 -0.587785
-1.17557 1.22461e-16 -1.61803
-1.80902 -0.618034 -0.587785
-1.90211 1.22461e-16 -0.618034
-1.90211 1.22461e-16 -0.618034
-1.80902 -0.618034 -0.587785
-1.80902 -0.618034 0.587785
-1.90211 1.22461e-16 -0.618034
-1.80902 -0.618034 0.587785
-1.90211 1.22461e-16 0.618034
-1.90211 1.22461e-16 0.618034
-1.80902 -0.618034 0.587785
-1.11803 -0.618034 1.53884
-1.90211 1.22461e-16 0.618034
-1.11803 -0.618034 1.53884
-1.17557 1.22461e-16 1.61803
-1.17557 1.22461e-16 1.61803
-1.11803 -0.618034 1.53884
-4.65868e-16 -0.618034 1.90211
-1.17557 1.22461e-16 1.61803
-4.65868e-16 -0.618034 1.90211
-4.89843e-16 1.22461e-16 2
0 -0.618034 1.90211
0 -1.17557 1.61803
0.951057 -1.17557 1.30902
0 -0.618034 1.90211
0.951057 -1.17557 1.30902
1.11803 -0.618034 1.53884
1.11803 -0.618034 1.53884
0.951057 -1.17557 1.30902
1.53884 -1.17557 0.5
1.11803 -0.618034 1.53884
1.53884 -1.17557 0.5
1.80902 -0.618034 0.587785
1.80902 -0.618034 0.587785
1.53884 -1.17557 0.5
1.53884 -1.17557 -0.5
1.80902 -0.618034 0.587785
1.53884 -1.17557 -0.5
1.80902 -0.618034 -0.587785
1.80902 -0.618034 -0.587785
1.53884 -1.17557 -0.5
0.951057 -1.17557 -1.30902
1.80902 -0.618034 -0.587785
0.951057 -1.17557 -1.30902
1.11803 -0.618034 -1.53884
1.11803 -0.618034 -1.53884
0.951057 -1.17557 -1.30902
1.98145e-16 -1.17557 -1.61803
1.11803 -0.618034 -1.53884
1.98145e-16 -1.17557 -1.61803
2.32934e-16 -0.618034 -1.90211
2.32934e-16 -0.618034 -1.90211
1.98145e-16 -1.17557 -1.61803
-0.951057 -1.17557 -1.30902
2.32934e-16 -0.618034 -1.90211
-0.951057 -1.17557 -1.30902
-1.11803 -0.618034 -1.53884
-1.11803 -0.618034 -1.53884
-0.951057 -1.17557 -1.30902
-1.53884 -1.17557 -0.5
-1.11803 -0.618034 -1.53884
-1.53884 -1.17557 -0.5
-1.80902 -0.618034 -0.587785
-1.80902 -0.618034 -0.587785
-1.53884 -1.17557 -0.5
-1.53884 -1.17557 0.5
-1.80902 -0.618034 -0.587785
-1.53884 -1.17557 0.5
-1.80902 -0.618034 0.587785
-1.80902 -0.618034 0.587785
-1.53884 -1.17557 0.5
-0.951057 -1.17557 1.30902
-1.80902 -0.618034 0.587785
-0.951057 -1.17557 1.30902
-1.11803 -0.618034 1.53884
-1.11803 -0.618034 1.53884
-0.951057 -1.17557 1.30902
-3.96291e-16 -1.17557 1.61803
-1.11803 -0.618034 1.53884
-3.96291e-16 -1.17557 1.61803
-4.65868e-16 -0.618034 1.90211
0 -1.17557 1.61803
0 -1.61803 1.17557
0.690983 -1.61803 0.951057
0 -1.17557 1.61803
0.690983 -1.61803 0.951057
0.951057 -1.17557 1.30902
0.951057 -1.17557 1.30902
0.690983 -1.61803 0.951057
1.11803 -1.61803 0.363271
0.951057 -1.17557 1.30902
1.11803 -1.61803 0.363271
1.53884 -1.17557 0.5
1.53884 -1.17557 0.5
1.11803 -1.61803 0.363271
1.11803 -1.61803 -0.363271
1.53884 -1.17557 0.5
1.11803 -1.61803 -0.363271
1.53884 -1.17557 -0.5
1.53884 -1.17557 -0.5
1.11803 -1.61803 -0.363271
0.690983 -1.61803 -0.951057
1.53884 -1.17557 -0.5
0.690983 -1.61803 -0.951057
0.951057 -1.17557 -1.30902
0.951057 -1.17557 -1.30902
0.690983 -1.61803 -0.951057
1.43961e-16 -1.61803 -1.17557
0.951057 -1.17557 -1.30902
1.43961e-16 -1.61803 -1.17557
1.98145e-16 -1.17557 -1.61803
1.98145e-16 -1.17557 -1.61803
1.43961e-16 -1.61803 -1.17557
-0.690983 -1.61803 -0.951057
1.98145e-16 -1.17557 -1.61803
-0.690983 -1.61803 -0.951057
-0.951057 -1.17557 -1.30902
-0.951057 -1.17557 -1.30902
-0.690983 -1.61803 -0.951057
-1.11803 -1.61803 -0.363271
-0.951057 -1.17557 -1.30902
-1.11803 -1.61803 -0.363271
-1.53884 -1.17557 -0.5
-1.53884 -1.17557 -0.5
-1.11803 -1.61803 -0.363271
-1.11803 -1.61803 0.363271
-1.53884 -1.17557 -0.5
-1.11803 -1.61803 0.363271
-1.53884 -1.17557 0.5
-1.53884 -1.17557 0.5
-1.11803 -1.61803 0.363271
-0.690983 -1.61803 0.951057
-1.53884 -1.17557 0.5
-0.690983 -1.61803 0.951057
-0.951057 -1.17557 1.30902
-0.951057 -1.17557 1.30902
-0.690983 -1.61803 0.951057
-2.87922e-16 -1.61803 1.17557
-0.951057 -1.17557 1.30902
-2.87922e-16 -1.61803 1.17557
-3.96291e-16 -1.17557 1.61803
0 -1.61803 1.17557
0 -1.90211 0.618034
0.363271 -1.90211 0.5
0 -1.61803 1.17557
0.363271 -1.90211 0.5
0.690983 -1.61803 0.951057
0.690983 -1.61803 0.951057
0.363271 -1.90211 0.5
0.587785 -1.90211 0.190983
0.690983 -1.61803 0.951057
0.587785 -1.90211 0.190983
1.11803 -1.61803 0.363271
1.11803 -1.61803 0.363271
0.587785 -1.90211 0.190983
0.587785 -1.90211 -0.190983
1.11803 -1.61803 0.363271
0.587785 -1.90211 -0.190983
1.11803 -1.61803 -0.363271
1.11803 -1.61803 -0.363271
0.587785 -1.90211 -0.190983
0.363271 -1.90211 -0.5
1.11803 -1.61803 -0.363271
0.363271 -1.90211 -0.5
0.690983 -1.61803 -0.951057
0.690983 -1.61803 -0.951057
0.363271 -1.90211 -0.5
7.56848e-17 -1.90211 -0.618034
0.690983 -1.61803 -0.951057
7.56848e-17 -1.90211 -0.618034
1.43961e-16 -1.61803 -1.17557
1.43961e-16 -1.61803 -1.17557
7.56848e-17 -1.90211 -0.618034
-0.363271 -1.90211 -0.5
1.43961e-16 -1.61803 -1.17557
-0.363271 -1.90211 -0.5
-0.690983 -1.61803 -0.951057
-0.690983 -1.61803 -0.951057
-0.363271 -1.90211 -0.5
-0.587785 -1.90211 -0.190983
-0.690983 -1.61803 -0.951057
-0.587785 -1.90211 -0.190983
-1.11803 -1.61803 -0.363271
-1.11803 -1.61803 -0.363271
-0.587785 -1.90211 -0.190983
-0.587785 -1.90211 0.190983
-1.11803 -1.61803 -0.363271
-0.587785 -1.90211 0.190983
-1.11803 -1.61803 0.363271
-1.11803 -1.61803 0.363271
-0.587785 -1.90211 0.190983
-0.363271 -1.90211 0.5
-1.11803 -1.61803 0.363271
-0.363271 -1.90211 0.5
-0.690983 -1.61803 0.951057
-0.690983 -1.61803 0.951057
-0.363271 -1.90211 0.5
-1.5137e-16 -1.90211 0.618034
-0.690983 -1.61803 0.951057
-1.5137e-16 -1.90211 0.618034
-2.87922e-16 -1.61803 1.17557
0 -1.90211 0.618034
0 -2 2.44921e-16
1.43961e-16 -2 1.98145e-16
0 -1.90211 0.618034
1.43961e-16 -2 1.98145e-16
0.363271 -1.90211 0.5
0.363271 -1.90211 0.5
1.43961e-16 -2 1.98145e-16
2.32934e-16 -2 7.56848e-17
0.363271 -1.90211 0.5
2.32934e-16 -2 7.56848e-17
0.587785 -1.90211 0.190983
0.587785 -1.90211 0.190983
2.32934e-16 -2 7.56848e-17
2.32934e-16 -2 -7.56848e-17
0.587785 -1.90211 0.190983
2.32934e-16 -2 -7.56848e-17
0.587785 -1.90211 -0.190983
0.587785 -1.90211 -0.190983
2.32934e-16 -2 -7.56848e-17
1.43961e-16 -2 -1.98145e-16
0.587785 -1.90211 -0.190983
1.43961e-16 -2 -1.98145e-16
0.363271 -1.90211 -0.5
0.363271 -1.90211 -0.5
1.43961e-16 -2 -1.98145e-16
2.99932e-32 -2 -2.44921e-16
0.363271 -1.90211 -0.5
2.99932e-32 -2 -2.44921e-16
7.56848e-17 -1.90211 -0.618034
7.56848e-17 -1.90211 -0.618034
2.99932e-32 -2 -2.44921e-16
-1.43961e-16 -2 -1.98145e-16
7.56848e-17 -1.90211 -0.618034
-1.43961e-16 -2 -1.98145e-16
-0.363271 -1.90211 -0.5
-0.363271 -1.90211 -0.5
-1.43961e-16 -2 -1.98145e-16
-2.32934e-16 -2 -7.56848e-17
-0.363271 -1.90211 -0.5
-2.32934e-16 -2 -7.56848e-17
-0.587785 -1.90211 -0.190983
-0.587785 -1.90211 -0.190983
-2.32934e-16 -2 -7.56848e-17
-2.32934e-16 -2 7.56848e-17
-0.587785 -1.90211 -0.190983
-2.32934e-16 -2 7.56848e-17
-0.587785 -1.90211 0.190983
-0.587785 -1.90211 0.190983
-2.32934e-16 -2 7.56848e-17
-1.43961e-16 -2 1.98145e-16
-0.587785 -1.90211 0.190983
-1.43961e-16 -2 1.98145e-16
-0.363271 -1.90211 0.5
-0.363271 -1.90211 0.5
-1.43961e-16 -2 1.98145e-16
-5.99864e-32 -2 2.44921e-16
-0.363271 -1.90211 0.5
-5.99864e-32 -2 2.44921e-16
-1.5137e-16 -1.90211 0.618034
