0 6 0
0 5.70634 1.8541
1.08981 5.70634 1.5
0 6 0
1.08981 5.70634 1.5
0 6 0
0 6 0
1.08981 5.70634 1.5
1.76336 5.70634 0.572949
0 6 0
1.76336 5.70634 0.572949
0 6 0
0 6 0
1.76336 5.70634 0.572949
1.76336 5.70634 -0.572949
0 6 0
1.76336 5.70634 -0.572949
0 6 -0
0 6 -0
1.76336 5.70634 -0.572949
1.08981 5.70634 -1.5
0 6 -0
1.08981 5.70634 -1.5
0 6 -0
0 6 -0
1.08981 5.70634 -1.5
2.27055e-16 5.70634 -1.8541
0 6 -0
2.27055e-16 5.70634 -1.8541
0 6 -0
0 6 -0
2.27055e-16 5.70634 -1.8541
-1.08981 5.70634 -1.5
0 6 -0
-1.08981 5.70634 -1.5
-0 6 -0
-0 6 -0
-1.08981 5.70634 -1.5
-1.76336 5.70634 -0.572949
-0 6 -0
-1.76336 5.70634 -0.572949
-0 6 -0
-0 6 -0
-1.76336 5.70634 -0.572949
-1.76336 5.70634 0.572949
-0 6 -0
-1.76336 5.70634 0.572949
-0 6 0
-0 6 0
-1.76336 5.70634 0.572949
-1.08981 5.70634 1.5
-0 6 0
-1.08981 5.70634 1.5
-0 6 0
-0 6 0
-1.08981 5.70634 1.5
-4.54109e-16 5.70634 1.8541
-0 6 0
-4.54109e-16 5.70634 1.8541
-0 6 0
0 5.70634 1.8541
0 4.8541 3.52671
2.07295 4.8541 2.85317
0 5.70634 1.8541
2.07295 4.8541 2.85317
1.08981 5.70634 1.5
1.08981 5.70634 1.5
2.07295 4.8541 2.85317
3.3541 4.8541 1.08981
1.08981 5.70634 1.5
3.3541 4.8541 1.08981
1.76336 5.70634 0.572949
1.76336 5.70634 0.572949
3.3541 4.8541 1.08981
3.3541 4.8541 -1.08981
1.76336 5.70634 0.572949
3.3541 4.8541 -1.08981
1.76336 5.70634 -0.572949
1.76336 5.70634 -0.572949
3.3541 4.8541 -1.08981
2.07295 4.8541 -2.85317
1.76336 5.70634 -0.572949
2.07295 4.8541 -2.85317
1.08981 5.70634 -1.5
1.08981 5.70634 -1.5
2.07295 4.8541 -2.85317
4.31883e-16 4.8541 -3.52671
1.08981 5.70634 -1.5
4.31883e-16 4.8541 -3.52671
2.27055e-16 5.70634 -1.8541
2.27055e-16 5.70634 -1.8541
4.31883e-16 4.8541 -3.52671
-2.07295 4.8541 -2.85317
2.27055e-16 5.70634 -1.8541
-2.07295 4.8541 -2.85317
-1.08981 5.70634 -1.5
-1.08981 5.70634 -1.5
-2.07295 4.8541 -2.85317
-3.3541 4.8541 -1.08981
-1.08981 5.70634 -1.5
-3.3541 4.8541 -1.08981
-1.76336 5.70634 -0.572949
-1.76336 5.70634 -0.572949
-3.3541 4.8541 -1.08981
-3.3541 4.8541 1.08981
-1.76336 5.70634 -0.572949
-3.3541 4.8541 1.08981
-1.76336 5.70634 0.572949
-1.76336 5.70634 0.572949
-3.3541 4.8541 1.08981
-2.07295 4.8541 2.85317
-1.76336 5.70634 0.572949
-2.07295 4.8541 2.85317
-1.08981 5.70634 1.5
-1.08981 5.70634 1.5
-2.07295 4.8541 2.85317
-8.63767e-16 4.8541 3.52671
-1.08981 5.70634 1.5
-8.63767e-16 4.8541 3.52671
-4.54109e-16 5.70634 1.8541
0 4.8541 3.52671
0 3.52671 4.8541
2.85317 3.52671 3.92705
0 4.8541 3.52671
2.85317 3.52671 3.92705
2.07295 4.8541 2.85317
2.07295 4.8541 2.85317
2.85317 3.52671 3.92705
4.61653 3.52671 1.5
2.07295 4.8541 2.85317
4.61653 3.52671 1.5
3.3541 4.8541 1.08981
3.3541 4.8541 1.08981
4.61653 3.52671 1.5
4.61653 3.52671 -1.5
3.3541 4.8541 1.08981
4.61653 3.52671 -1.5
3.3541 4.8541 -1.08981
3.3541 4.8541 -1.08981
4.61653 3.52671 -1.5
2.85317 3.52671 -3.92705
3.3541 4.8541 -1.08981
2.85317 3.52671 -3.92705
2.07295 4.8541 -2.85317
2.07295 4.8541 -2.85317
2.85317 3.52671 -3.92705
5.94436e-16 3.52671 -4.8541
2.07295 4.8541 -2.85317
5.94436e-16 3.52671 -4.8541
4.31883e-16 4.8541 -3.52671
4.31883e-16 4.8541 -3.52671
5.94436e-16 3.52671 -4.8541
-2.85317 3.52671 -3.92705
4.31883e-16 4.8541 -3.52671
-2.85317 3.52671 -3.92705
-2.07295 4.8541 -2.85317
-2.07295 4.8541 -2.85317
-2.85317 3.52671 -3.92705
-4.61653 3.52671 -1.5
-2.07295 4.8541 -2.85317
-4.61653 3.52671 -1.5
-3.3541 4.8541 -1.08981
-3.3541 4.8541 -1.08981
-4.61653 3.52671 -1.5
-4.61653 3.52671 1.5
-3.3541 4.8541 -1.08981
-4.61653 3.52671 1.5
-3.3541 4.8541 1.08981
-3.3541 4.8541 1.08981
-4.61653 3.52671 1.5
-2.85317 3.52671 3.92705
-3.3541 4.8541 1.08981
-2.85317 3.52671 3.92705
-2.07295 4.8541 2.85317
-2.07295 4.8541 2.85317
-2.85317 3.52671 3.92705
-1.18887e-15 3.52671 4.8541
-2.07295 4.8541 2.85317
-1.18887e-15 3.52671 4.8541
-8.63767e-16 4.8541 3.52671
0 3.52671 4.8541
0 1.8541 5.70634
3.3541 1.8541 4.61653
0 3.52671 4.8541
3.3541 1.8541 4.61653
2.85317 3.52671 3.92705
2.85317 3.52671 3.92705
3.3541 1.8541 4.61653
5.42705 1.8541 1.76336
2.85317 3.52671 3.92705
5.42705 1.8541 1.76336
4.61653 3.52671 1.5
4.61653 3.52671 1.5
5.42705 1.8541 1.76336
5.42705 1.8541 -1.76336
4.61653 3.52671 1.5
5.42705 1.8541 -1.76336
4.61653 3.52671 -1.5
4.61653 3.52671 -1.5
5.42705 1.8541 -1.76336
3.3541 1.8541 -4.61653
4.61653 3.52671 -1.5
3.3541 1.8541 -4.61653
2.85317 3.52671 -3.92705
2.85317 3.52671 -3.92705
3.3541 1.8541 -4.61653
6.98802e-16 1.8541 -5.70634
2.85317 3.52671 -3.92705
6.98802e-16 1.8541 -5.70634
5.94436e-16 3.52671 -4.8541
5.94436e-16 3.52671 -4.8541
6.98802e-16 1.8541 -5.70634
-3.3541 1.8541 -4.61653
5.94436e-16 3.52671 -4.8541
-3.3541 1.8541 -4.61653
-2.85317 3.52671 -3.92705
-2.85317 3.52671 -3.92705
-3.3541 1.8541 -4.61653
-5.42705 1.8541 -1.76336
-2.85317 3.52671 -3.92705
-5.42705 1.8541 -1.76336
-4.61653 3.52671 -1.5
-4.61653 3.52671 -1.5
-5.42705 1.8541 -1.76336
-5.42705 1.8541 1.76336
-4.61653 3.52671 -1.5
-5.42705 1.8541 1.76336
-4.61653 3.52671 1.5
-4.61653 3.52671 1.5
-5.42705 1.8541 1.76336
-3.3541 1.8541 4.61653
-4.61653 3.52671 1.5
-3.3541 1.8541 4.61653
-2.85317 3.52671 3.92705
-2.85317 3.52671 3.92705
-3.3541 1.8541 4.61653
-1.3976e-15 1.8541 5.70634
-2.85317 3.52671 3.92705
-1.3976e-15 1.8541 5.70634
-1.18887e-15 3.52671 4.8541
0 1.8541 5.70634
0 3.67382e-16 6
3.52671 3.67382e-16 4.8541
0 1.8541 5.70634
3.52671 3.67382e-16 4.8541
3.3541 1.8541 4.61653
3.3541 1.8541 4.61653
3.52671 3.67382e-16 4.8541
5.70634 3.67382e-16 1.8541
3.3541 1.8541 4.61653
5.70634 3.67382e-16 1.8541
5.42705 1.8541 1.76336
5.42705 1.8541 1.76336
5.70634 3.67382e-16 1.8541
5.70634 3.67382e-16 -1.8541
5.42705 1.8541 1.76336
5.70634 3.67382e-16 -1.8541
5.42705 1.8541 -1.76336
5.42705 1.8541 -1.76336
5.70634 3.67382e-16 -1.8541
3.52671 3.67382e-16 -4.8541
5.42705 1.8541 -1.76336
3.52671 3.67382e-16 -4.8541
3.3541 1.8541 -4.61653
3.3541 1.8541 -4.61653
3.52671 3.67382e-16 -4.8541
7.34764e-16 3.67382e-16 -6
3.3541 1.8541 -4.61653
7.34764e-16 3.67382e-16 -6
6.98802e-16 1.8541 -5.70634
6.98802e-16 1.8541 -5.70634
7.34764e-16 3.67382e-16 -6
-3.52671 3.67382e-16 -4.8541
6.98802e-16 1.8541 -5.70634
-3.52671 3.67382e-16 -4.8541
-3.3541 1.8541 -4.61653
-3.3541 1.8541 -4.61653
-3.52671 3.67382e-16 -4.8541
-5.70634 3.67382e-16 -1.8541
-3.3541 1.8541 -4.61653
-5.70634 3.67382e-16 -1.8541
-5.42705 1.8541 -1.76336
-5.42705 1.8541 -1.76336
-5.70634 3.67382e-16 -1.8541
-5.70634 3.67382e-16 1.8541
-5.42705 1.8541 -1.76336
-5.70634 3.67382e-16 1.8541
-5.42705 1.8541 1.76336
-5.42705 1.8541 1.76336
-5.70634 3.67382e-16 1.8541
-3.52671 3.67382e-16 4.8541
-5.42705 1.8541 1.76336
-3.52671 3.67382e-16 4.8541
-3.3541 1.8541 4.61653
-3.3541 1.8541 4.61653
-3.52671 3.67382e-16 4.8541
-1.46953e-15 3.67382e-16 6
-3.3541 1.8541 4.61653
-1.46953e-15 3.67382e-16 6
-1.3976e-15 1.8541 5.70634
0 3.67382e-16 6
0 -1.8541 5.70634
3.3541 -1.8541 4.61653
0 3.67382e-16 6
3.3541 -1.8541 4.61653
3.52671 3.67382e-16 4.8541
3.52671 3.67382e-16 4.8541
3.3541 -1.8541 4.61653
5.42705 -1.8541 1.76336
3.52671 3.67382e-16 4.8541
5.42705 -1.8541 1.76336
5.70634 3.67382e-16 1.8541
5.70634 3.67382e-16 1.8541
5.42705 -1.8541 1.76336
5.42705 -1.8541 -1.76336
5.70634 3.67382e-16 1.8541
5.42705 -1.8541 -1.76336
5.70634 3.67382e-16 -1.8541
5.70634 3.67382e-16 -1.8541
5.42705 -1.8541 -1.76336
3.3541 -1.8541 -4.61653
5.70634 3.67382e-16 -1.8541
3.3541 -1.8541 -4.61653
3.52671 3.67382e-16 -4.8541
3.52671 3.67382e-16 -4.8541
3.3541 -1.8541 -4.61653
6.98802e-16 -1.8541 -5.70634
3.52671 3.67382e-16 -4.8541
6.98802e-16 -1.8541 -5.70634
7.34764e-16 3.67382e-16 -6
7.34764e-16 3.67382e-16 -6
6.98802e-16 -1.8541 -5.70634
-3.3541 -1.8541 -4.61653
7.34764e-16 3.67382e-16 -6
-3.3541 -1.8541 -4.61653
-3.52671 3.67382e-16 -4.8541
-3.52671 3.67382e-16 -4.8541
-3.3541 -1.8541 -4.61653
-5.42705 -1.8541 -1.76336
-3.52671 3.67382e-16 -4.8541
-5.42705 -1.8541 -1.76336
-5.70634 3.67382e-16 -1.8541
-5.70634 3.67382e-16 -1.8541
-5.42705 -1.8541 -1.76336
-5.42705 -1.8541 1.76336
-5.70634 3.67382e-16 -1.8541
-5.42705 -1.8541 1.76336
-5.70634 3.67382e-16 1.8541
-5.70634 3.67382e-16 1.8541
-5.42705 -1.8541 1.76336
-3.3541 -1.8541 4.61653
-5.70634 3.67382e-16 1.8541
-3.3541 -1.8541 4.61653
-3.52671 3.67382e-16 4.8541
-3.52671 3.67382e-16 4.8541
-3.3541 -1.8541 4.61653
-1.3976e-15 -1.8541 5.70634
-3.52671 3.67382e-16 4.8541
-1.3976e-15 -1.8541 5.70634
-1.46953e-15 3.67382e-16 6
0 -1.8541 5.70634
0 -3.52671 4.8541
2.85317 -3.52671 3.92705
0 -1.8541 5.70634
2.85317 -3.52671 3.92705
3.3541 -1.8541 4.61653
3.3541 -1.8541 4.61653
2.85317 -3.52671 3.92705
4.61653 -3.52671 1.5
3.3541 -1.8541 4.61653
4.61653 -3.52671 1.5
5.42705 -1.8541 1.76336
5.42705 -1.8541 1.76336
4.61653 -3.52671 1.5
4.61653 -3.52671 -1.5
5.42705 -1.8541 1.76336
4.61653 -3.52671 -1.5
5.42705 -1.8541 -1.76336
5.42705 -1.8541 -1.76336
4.61653 -3.52671 -1.5
2.85317 -3.52671 -3.92705
5.42705 -1.8541 -1.76336
2.85317 -3.52671 -3.92705
3.3541 -1.8541 -4.61653
3.3541 -1.8541 -4.61653
2.85317 -3.52671 -3.92705
5.94436e-16 -3.52671 -4.8541
3.3541 -1.8541 -4.61653
5.94436e-16 -3.52671 -4.8541
6.98802e-16 -1.8541 -5.70634
6.98802e-16 -1.8541 -5.70634
5.94436e-16 -3.52671 -4.8541
-2.85317 -3.52671 -3.92705
6.98802e-16 -1.8541 -5.70634
-2.85317 -3.52671 -3.92705
-3.3541 -1.8541 -4.61653
-3.3541 -1.8541 -4.61653
-2.85317 -3.52671 -3.92705
-4.61653 -3.52671 -1.5
-3.3541 -1.8541 -4.61653
-4.61653 -3.52671 -1.5
-5.42705 -1.8541 -1.76336
-5.42705 -1.8541 -1.76336
-4.61653 -3.52671 -1.5
-4.61653 -3.52671 1.5
-5.42705 -1.8541 -1.76336
-4.61653 -3.52671 1.5
-5.42705 -1.8541 1.76336
-5.42705 -1.8541 1.76336
-4.61653 -3.52671 1.5
-2.85317 -3.52671 3.92705
-5.42705 -1.8541 1.76336
-2.85317 -3.52671 3.92705
-3.3541 -1.8541 4.61653
-3.3541 -1.8541 4.61653
-2.85317 -3.52671 3.92705
-1.18887e-15 -3.52671 4.8541
-3.3541 -1.8541 4.61653
-1.18887e-15 -3.52671 4.8541
-1.3976e-15 -1.8541 5.70634
0 -3.52671 4.8541
0 -4.8541 3.52671
2.07295 -4.8541 2.85317
0 -3.52671 4.8541
2.07295 -4.8541 2.85317
2.85317 -3.52671 3.92705
2.85317 -3.52671 3.92705
2.07295 -4.8541 2.85317
3.3541 -4.8541 1.08981
2.85317 -3.52671 3.92705
3.3541 -4.8541 1.08981
4.61653 -3.52671 1.5
4.61653 -3.52671 1.5
3.3541 -4.8541 1.08981
3.3541 -4.8541 -1.08981
4.61653 -3.52671 1.5
3.3541 -4.8541 -1.08981
4.61653 -3.52671 -1.5
4.61653 -3.52671 -1.5
3.3541 -4.8541 -1.08981
2.07295 -4.8541 -2.85317
4.61653 -3.52671 -1.5
2.07295 -4.8541 -2.85317
2.85317 -3.52671 -3.92705
2.85317 -3.52671 -3.92705
2.07295 -4.8541 -2.85317
4.31883e-16 -4.8541 -3.52671
2.85317 -3.52671 -3.92705
4.31883e-16 -4.8541 -3.52671
5.94436e-16 -3.52671 -4.8541
5.94436e-16 -3.52671 -4.8541
4.31883e-16 -4.8541 -3.52671
-2.07295 -4.8541 -2.85317
5.94436e-16 -3.52671 -4.8541
-2.07295 -4.8541 -2.85317
-2.85317 -3.52671 -3.92705
-2.85317 -3.52671 -3.92705
-2.07295 -4.8541 -2.85317
-3.3541 -4.8541 -1.08981
-2.85317 -3.52671 -3.92705
-3.3541 -4.8541 -1.08981
-4.61653 -3.52671 -1.5
-4.61653 -3.52671 -1.5
-3.3541 -4.8541 -1.08981
-3.3541 -4.8541 1.08981
-4.61653 -3.52671 -1.5
-3.3541 -4.8541 1.08981
-4.61653 -3.52671 1.5
-4.61653 -3.52671 1.5
-3.3541 -4.8541 1.08981
-2.07295 -4.8541 2.85317
-4.61653 -3.52671 1.5
-2.07295 -4.8541 2.85317
-2.85317 -3.52671 3.92705
-2.85317 -3.52671 3.92705
-2.07295 -4.8541 2.85317
-8.63767e-16 -4.8541 3.52671
-2.85317 -3.52671 3.92705
-8.63767e-16 -4.8541 3.52671
-1.18887e-15 -3.52671 4.8541
0 -4.8541 3.52671
0 -5.70634 1.8541
1.08981 -5.70634 1.5
0 -4.8541 3.52671
1.08981 -5.70634 1.5
2.07295 -4.8541 2.85317
2.07295 -4.8541 2.85317
1.08981 -5.70634 1.5
1.76336 -5.70634 0.572949
2.07295 -4.8541 2.85317
1.76336 -5.70634 0.572949
3.3541 -4.8541 1.08981
3.3541 -4.8541 1.08981
1.76336 -5.70634 0.572949
1.76336 -5.70634 -0.572949
3.3541 -4.8541 1.08981
1.76336 -5.70634 -0.572949
3.3541 -4.8541 -1.08981
3.3541 -4.8541 -1.08981
1.76336 -5.70634 -0.572949
1.08981 -5.70634 -1.5
3.3541 -4.8541 -1.08981
1.08981 -5.70634 -1.5
2.07295 -4.8541 -2.85317
2.07295 -4.8541 -2.85317
1.08981 -5.70634 -1.5
2.27055e-16 -5.70634 -1.8541
2.07295 -4.8541 -2.85317
2.27055e-16 -5.70634 -1.8541
4.31883e-16 -4.8541 -3.52671
4.31883e-16 -4.8541 -3.52671
2.27055e-16 -5.70634 -1.8541
-1.08981 -5.70634 -1.5
4.31883e-16 -4.8541 -3.52671
-1.08981 -5.70634 -1.5
-2.07295 -4.8541 -2.85317
-2.07295 -4.8541 -2.85317
-1.08981 -5.70634 -1.5
-1.76336 -5.70634 -0.572949
-2.07295 -4.8541 -2.85317
-1.76336 -5.70634 -0.572949
-3.3541 -4.8541 -1.08981
-3.3541 -4.8541 -1.08981
-1.76336 -5.70634 -0.572949
-1.76336 -5.70634 0.572949
-3.3541 -4.8541 -1.08981
-1.76336 -5.70634 0.572949
-3.3541 -4.8541 1.08981
-3.3541 -4.8541 1.08981
-1.76336 -5.70634 0.572949
-1.08981 -5.70634 1.5
-3.3541 -4.8541 1.08981
-1.08981 -5.70634 1.5
-2.07295 -4.8541 2.85317
-2.07295 -4.8541 2.85317
-1.08981 -5.70634 1.5
-4.54109e-16 -5.70634 1.8541
-2.07295 -4.8541 2.85317
-4.54109e-16 -5.70634 1.8541
-8.63767e-16 -4.8541 3.52671
0 -5.70634 1.8541
0 -6 7.34764e-16
4.31883e-16 -6 5.94436e-16
0 -5.70634 1.8541
4.31883e-16 -6 5.94436e-16
1.08981 -5.70634 1.5
1.08981 -5.70634 1.5
4.31883e-16 -6 5.94436e-16
6.98802e-16 -6 2.27055e-16
1.08981 -5.70634 1.5
6.98802e-16 -6 2.27055e-16
1.76336 -5.70634 0.572949
1.76336 -5.70634 0.572949
6.98802e-16 -6 2.27055e-16
6.98802e-16 -6 -2.27055e-16
1.76336 -5.70634 0.572949
6.98802e-16 -6 -2.27055e-16
1.76336 -5.70634 -0.572949
1.76336 -5.70634 -0.572949
6.98802e-16 -6 -2.27055e-16
4.31883e-16 -6 -5.94436e-16
1.76336 -5.70634 -0.572949
4.31883e-16 -6 -5.94436e-16
1.08981 -5.70634 -1.5
1.08981 -5.70634 -1.5
4.31883e-16 -6 -5.94436e-16
8.99796e-32 -6 -7.34764e-16
1.08981 -5.70634 -1.5
8.99796e-32 -6 -7.34764e-16
2.27055e-16 -5.70634 -1.8541
2.27055e-16 -5.70634 -1.8541
8.99796e-32 -6 -7.34764e-16
-4.31883e-16 -6 -5.94436e-16
2.27055e-16 -5.70634 -1.8541
-4.31883e-16 -6 -5.94436e-16
-1.08981 -5.70634 -1.5
-1.08981 -5.70634 -1.5
-4.31883e-16 -6 -5.94436e-16
-6.98802e-16 -6 -2.27055e-16
-1.08981 -5.70634 -1.5
-6.98802e-16 -6 -2.27055e-16
-1.76336 -5.70634 -0.572949
-1.76336 -5.70634 -0.572949
-6.98802e-16 -6 -2.27055e-16
-6.98802e-16 -6 2.27055e-16
-1.76336 -5.70634 -0.572949
-6.98802e-16 -6 2.27055e-16
-1.76336 -5.70634 0.572949
-1.76336 -5.70634 0.572949
-6.98802e-16 -6 2.27055e-16
-4.31883e-16 -6 5.94436e-16
-1.76336 -5.70634 0.572949
-4.31883e-16 -6 5.94436e-16
-1.08981 -5.70634 1.5
-1.08981 -5.70634 1.5
-4.31883e-16 -6 5.94436e-16
-1.79959e-31 -6 7.34764e-16
-1.08981 -5.70634 1.5
-1.79959e-31 -6 7.34764e-16
-4.54109e-16 -5.70634 1.8541
